TIME = [
   1  2.31019E+05
   2  2.31040E+05
   3  2.31082E+05
   4  2.31120E+05
   5  2.31156E+05
   6  2.31191E+05
   7  2.31226E+05
   8  2.31260E+05
   9  2.31296E+05
  10  2.31330E+05
  11  2.31365E+05
  12  2.31400E+05
  13  2.31434E+05
  14  2.31470E+05
  15  2.31504E+05
  16  2.31539E+05
  17  2.31574E+05
  18  2.31608E+05
  19  2.31643E+05
  20  2.31678E+05
  21  2.31713E+05
  22  2.31747E+05
  23  2.31782E+05
  24  2.31816E+05
  25  2.31852E+05
  26  2.31886E+05
  27  2.31921E+05
  28  2.31956E+05
  29  2.31991E+05
  30  2.32025E+05
  31  2.32060E+05
  32  2.32095E+05
  33  2.32130E+05
  34  2.32164E+05
  35  2.32199E+05
  36  2.32234E+05
  37  2.32269E+05
  38  2.32304E+05
  39  2.32338E+05
  40  2.32373E+05

% ----- Begin active cycles -----

   1  2.32494E+05
   2  2.32615E+05
   3  2.32737E+05
   4  2.32859E+05
   5  2.32981E+05
   6  2.33102E+05
   7  2.33224E+05
   8  2.33345E+05
   9  2.33467E+05
  10  2.33589E+05
  11  2.33711E+05
  12  2.33832E+05
  13  2.33954E+05
  14  2.34076E+05
  15  2.34197E+05
  16  2.34319E+05
  17  2.34441E+05
  18  2.34562E+05
  19  2.34684E+05
  20  2.34806E+05
  21  2.34928E+05
  22  2.35049E+05
  23  2.35171E+05
  24  2.35293E+05
  25  2.35414E+05
  26  2.35535E+05
  27  2.35656E+05
  28  2.35778E+05
  29  2.35900E+05
  30  2.36021E+05
  31  2.36143E+05
  32  2.36264E+05
  33  2.36386E+05
  34  2.36508E+05
  35  2.36629E+05
  36  2.36751E+05
  37  2.36872E+05
  38  2.36995E+05
  39  2.37116E+05
  40  2.37237E+05
  41  2.37360E+05
  42  2.37480E+05
  43  2.37602E+05
  44  2.37724E+05
  45  2.37846E+05
  46  2.37968E+05
  47  2.38089E+05
  48  2.38211E+05
  49  2.38334E+05
];

HIS_IMP_KEFF = [
   1  0.00000E+00 0.00000E+00 0.00000  
   2  0.00000E+00 0.00000E+00 0.00000  
   3  0.00000E+00 0.00000E+00 0.00000  
   4  0.00000E+00 0.00000E+00 0.00000  
   5  0.00000E+00 0.00000E+00 0.00000  
   6  0.00000E+00 0.00000E+00 0.00000  
   7  0.00000E+00 0.00000E+00 0.00000  
   8  0.00000E+00 0.00000E+00 0.00000  
   9  0.00000E+00 0.00000E+00 0.00000  
  10  0.00000E+00 0.00000E+00 0.00000  
  11  0.00000E+00 0.00000E+00 0.00000  
  12  0.00000E+00 0.00000E+00 0.00000  
  13  0.00000E+00 0.00000E+00 0.00000  
  14  0.00000E+00 0.00000E+00 0.00000  
  15  0.00000E+00 0.00000E+00 0.00000  
  16  0.00000E+00 0.00000E+00 0.00000  
  17  0.00000E+00 0.00000E+00 0.00000  
  18  0.00000E+00 0.00000E+00 0.00000  
  19  0.00000E+00 0.00000E+00 0.00000  
  20  0.00000E+00 0.00000E+00 0.00000  
  21  0.00000E+00 0.00000E+00 0.00000  
  22  0.00000E+00 0.00000E+00 0.00000  
  23  0.00000E+00 0.00000E+00 0.00000  
  24  0.00000E+00 0.00000E+00 0.00000  
  25  0.00000E+00 0.00000E+00 0.00000  
  26  0.00000E+00 0.00000E+00 0.00000  
  27  0.00000E+00 0.00000E+00 0.00000  
  28  0.00000E+00 0.00000E+00 0.00000  
  29  0.00000E+00 0.00000E+00 0.00000  
  30  0.00000E+00 0.00000E+00 0.00000  
  31  0.00000E+00 0.00000E+00 0.00000  
  32  0.00000E+00 0.00000E+00 0.00000  
  33  0.00000E+00 0.00000E+00 0.00000  
  34  0.00000E+00 0.00000E+00 0.00000  
  35  0.00000E+00 0.00000E+00 0.00000  
  36  0.00000E+00 0.00000E+00 0.00000  
  37  0.00000E+00 0.00000E+00 0.00000  
  38  0.00000E+00 0.00000E+00 0.00000  
  39  0.00000E+00 0.00000E+00 0.00000  
  40  2.59028E-01 1.03611E+00 0.00000  

% ----- Begin active cycles -----

   1  0.00000E+00 0.00000E+00 0.00000  
   2  0.00000E+00 0.00000E+00 0.00000  
   3  0.00000E+00 0.00000E+00 0.00000  
   4  0.00000E+00 0.00000E+00 0.00000  
   5  0.00000E+00 0.00000E+00 0.00000  
   6  0.00000E+00 0.00000E+00 0.00000  
   7  0.00000E+00 0.00000E+00 0.00000  
   8  0.00000E+00 0.00000E+00 0.00000  
   9  0.00000E+00 0.00000E+00 0.00000  
  10  0.00000E+00 0.00000E+00 0.00000  
  11  0.00000E+00 0.00000E+00 0.00000  
  12  0.00000E+00 0.00000E+00 0.00000  
  13  0.00000E+00 0.00000E+00 0.00000  
  14  0.00000E+00 0.00000E+00 0.00000  
  15  0.00000E+00 0.00000E+00 0.00000  
  16  0.00000E+00 0.00000E+00 0.00000  
  17  0.00000E+00 0.00000E+00 0.00000  
  18  0.00000E+00 0.00000E+00 0.00000  
  19  0.00000E+00 0.00000E+00 0.00000  
  20  0.00000E+00 0.00000E+00 0.00000  
  21  0.00000E+00 0.00000E+00 0.00000  
  22  0.00000E+00 0.00000E+00 0.00000  
  23  0.00000E+00 0.00000E+00 0.00000  
  24  0.00000E+00 0.00000E+00 0.00000  
  25  0.00000E+00 0.00000E+00 0.00000  
  26  0.00000E+00 0.00000E+00 0.00000  
  27  0.00000E+00 0.00000E+00 0.00000  
  28  0.00000E+00 0.00000E+00 0.00000  
  29  0.00000E+00 0.00000E+00 0.00000  
  30  0.00000E+00 0.00000E+00 0.00000  
  31  0.00000E+00 0.00000E+00 0.00000  
  32  0.00000E+00 0.00000E+00 0.00000  
  33  0.00000E+00 0.00000E+00 0.00000  
  34  0.00000E+00 0.00000E+00 0.00000  
  35  0.00000E+00 0.00000E+00 0.00000  
  36  0.00000E+00 0.00000E+00 0.00000  
  37  0.00000E+00 0.00000E+00 0.00000  
  38  0.00000E+00 0.00000E+00 0.00000  
  39  0.00000E+00 0.00000E+00 0.00000  
  40  2.65202E-01 1.06081E+00 0.00000  
  41  -2.65202E-01 0.00000E+00 0.00000  
  42  0.00000E+00 0.00000E+00 0.00000  
  43  0.00000E+00 0.00000E+00 0.00000  
  44  0.00000E+00 0.00000E+00 0.00000  
  45  0.00000E+00 0.00000E+00 0.00000  
  46  0.00000E+00 0.00000E+00 0.00000  
  47  0.00000E+00 0.00000E+00 0.00000  
  48  0.00000E+00 0.00000E+00 0.00000  
  49  0.00000E+00 0.00000E+00 0.00000  
];

